-5.000000000000000104e-03 1.711708768377418477e-01 1.144477329980724267e-01 3.672550169533122383e-02 2.822930017284177445e-02
5.000000000000000104e-03 2.767396464938254308e-01 1.038709994245996943e-01 3.356866003160047934e-02 2.923196757079033620e-02
1.499999999999999944e-02 3.844462259268270898e-01 9.713782998271061619e-02 3.112933919553330375e-02 3.045740788282736561e-02
2.499999999999999792e-02 4.942906151367467138e-01 9.424822467240523416e-02 2.940753918712970399e-02 3.190562110895286962e-02
3.500000000000000333e-02 6.062728141235844692e-01 9.520218349368349264e-02 2.840326000638967313e-02 3.357660724916684825e-02
4.500000000000000527e-02 7.203928228873401896e-01 9.999970644654543328e-02 2.811650165331321810e-02 3.547036630346928759e-02
5.500000000000000028e-02 8.366506414280141524e-01 1.086407935309910422e-01 2.854726412790033543e-02 3.758689827186020849e-02
6.500000000000000222e-02 9.550462697456059136e-01 1.211254447470203194e-01 2.969554743015102166e-02 3.992620315433959705e-02
7.499999999999999722e-02 1.075579707840115917e+00 1.374536600946332787e-01 3.156135156006528719e-02 4.248828095090745327e-02
8.499999999999999223e-02 1.198250955711543719e+00 1.576254395738299063e-01 3.414467651764311468e-02 4.527313166156378410e-02
9.500000000000000111e-02 1.323060013359889764e+00 1.816407831846101883e-01 3.744552230288452493e-02 4.828075528630859647e-02
1.049999999999999961e-01 1.450006880785153829e+00 2.094996909269741248e-01 4.146388891578950409e-02 5.151115182514186264e-02
1.149999999999999911e-01 1.579091557987334138e+00 2.412021628009213270e-01 4.619977635635797580e-02 5.496432127806355483e-02
1.250000000000000000e-01 1.739620965929152163e+00 2.859247153967819921e-01 5.166844713017077623e-02 5.815680311403160357e-02
1.350000000000000089e-01 1.827434632648938795e+00 3.114481630794492806e-01 5.758739263214949361e-02 6.069734938858565437e-02
1.449999999999999900e-01 2.051289703656961727e+00 3.741255317945784697e-01 6.872530362610600185e-02 6.835636083542205588e-02
1.549999999999999989e-01 2.236279072680897428e+00 4.268647094499155581e-01 7.829636342631521306e-02 7.371759794445199854e-02
1.650000000000000078e-01 2.389927389858349738e+00 4.611916170861826703e-01 8.489565996730581710e-02 7.429621321528104283e-02
1.749999999999999889e-01 2.490504961756463853e+00 4.841273947084727691e-01 9.171763735543106422e-02 7.648279256626512590e-02
1.849999999999999978e-01 2.564926121801152537e+00 5.135308362426971307e-01 9.832642296785855385e-02 7.894334709250622195e-02
1.950000000000000067e-01 2.610230356296904031e+00 5.183905187901797218e-01 1.007507613463941992e-01 7.842355396759659314e-02
2.049999999999999878e-01 2.631104318382839757e+00 5.276924907363362838e-01 1.007349576220862714e-01 7.947135831708053433e-02
2.149999999999999967e-01 2.594901880758975210e+00 5.630734668447494595e-01 1.035492304919024970e-01 8.130433238853795874e-02
2.250000000000000056e-01 2.671480606207773612e+00 6.360915475526780494e-01 1.128688063709642059e-01 8.850834585783287634e-02
2.349999999999999867e-01 2.786614254929951073e+00 7.402939155818482053e-01 1.258080440218471985e-01 9.909255726544297094e-02
2.449999999999999956e-01 2.813853304152221124e+00 8.079595703949632446e-01 1.363512400282993198e-01 1.055169837872612509e-01
2.550000000000000044e-01 2.849257143954569749e+00 9.352362193877772345e-01 1.480577608890619734e-01 1.170271938085077068e-01
2.650000000000000133e-01 2.987933812615474416e+00 1.200740340241646775e+00 1.708972487196632750e-01 1.377100119422562940e-01
2.750000000000000222e-01 2.974858810765562467e+00 1.466490446873603082e+00 1.950512560787304450e-01 1.598261608947865176e-01
2.849999999999999756e-01 2.951564779314488796e+00 1.657917190511624561e+00 2.121535537257164261e-01 1.732382044794397447e-01
2.949999999999999845e-01 2.862932056261063618e+00 1.850373924270117154e+00 2.285530544400602437e-01 1.920442761059167058e-01
3.049999999999999933e-01 2.685356715491277857e+00 1.990663072369431852e+00 2.412411826341680221e-01 2.084630568704730624e-01
3.150000000000000022e-01 2.568678892092282950e+00 2.136951409926319378e+00 2.514313802796255271e-01 2.244547601889585742e-01
3.250000000000000111e-01 2.397882385000432937e+00 2.284083418789572217e+00 2.602746822624200096e-01 2.430505416022520349e-01
3.350000000000000200e-01 2.182303316341162258e+00 2.408759448570765294e+00 2.662883150126028609e-01 2.631872493912058020e-01
3.450000000000000289e-01 2.114838161657779825e+00 2.515845042014582589e+00 2.729387668798961553e-01 2.842361652850343146e-01
3.549999999999999822e-01 2.242819827960270462e+00 2.616731436700328484e+00 2.830149254526631575e-01 2.953962808915079341e-01
3.649999999999999911e-01 1.977458810614232121e+00 2.644156898421178070e+00 2.851972915032749412e-01 2.990599658731600274e-01
3.750000000000000000e-01 1.816377187372594459e+00 2.642325060555075211e+00 2.868662131604622911e-01 3.029708877607233397e-01
3.850000000000000089e-01 1.809314462093530196e+00 2.654019485006735568e+00 2.925751521473560768e-01 3.108287139306978308e-01
3.950000000000000178e-01 1.665737385218403421e+00 2.615240853491119566e+00 2.977827696177661188e-01 3.217069597099180278e-01
4.050000000000000266e-01 1.505887062730867587e+00 2.508133540934208483e+00 2.941891732400259696e-01 3.278779442920288223e-01
4.149999999999999800e-01 1.328353138337054151e+00 2.415249100645036062e+00 3.043391393555883173e-01 3.383342560225707785e-01
4.249999999999999889e-01 1.181384618928581265e+00 2.340639634266794999e+00 3.186497447049893017e-01 3.481606812106001758e-01
4.349999999999999978e-01 1.041370962107978082e+00 2.241349305220039945e+00 3.281505282100979359e-01 3.550901140598914374e-01
4.450000000000000067e-01 8.986916882776412319e-01 2.132969434364218930e+00 3.382628734527193815e-01 3.558495008828562733e-01
4.550000000000000155e-01 8.234811978146163725e-01 2.056235953184147647e+00 3.814646773021728721e-01 3.619830305987988273e-01
4.650000000000000244e-01 7.947667125531082677e-01 1.967063589001799118e+00 3.942802837005169314e-01 3.600827263845510773e-01
4.749999999999999778e-01 7.544608898699123323e-01 1.886377863361671459e+00 4.028608487568011709e-01 3.570911953025347474e-01
4.849999999999999867e-01 7.320603545493671316e-01 1.820485849390899968e+00 4.377073776252208281e-01 3.641573705996489774e-01
4.949999999999999956e-01 8.030130921314385661e-01 1.861324309097834195e+00 5.236152873767180305e-01 3.879427260658902532e-01
5.050000000000000044e-01 8.299149171259868618e-01 1.929426038517706443e+00 6.278983428263746891e-01 4.238395674276161373e-01
5.150000000000000133e-01 7.862788560878648525e-01 1.907498586523621587e+00 7.439929392619097914e-01 4.581858363891629926e-01
5.250000000000000222e-01 7.155503748463436509e-01 1.788653521178982686e+00 8.365437073526791334e-01 4.615529357727930493e-01
5.350000000000000311e-01 6.292903550742195984e-01 1.627653627528944380e+00 7.594594339109523862e-01 4.489652217808625667e-01
5.450000000000000400e-01 6.406506238401521447e-01 1.565977505692482508e+00 8.021836220839945186e-01 4.718307844256676153e-01
5.550000000000000488e-01 6.418031885949232462e-01 1.557862813312806960e+00 9.682612400247189166e-01 5.071693454837445936e-01
5.650000000000000577e-01 6.228094646588600014e-01 1.516867633163424767e+00 1.140950589404339244e+00 5.357639227051818054e-01
5.749999999999999556e-01 5.765356723181190857e-01 1.401307057848252047e+00 1.250780508954882020e+00 5.411957029738494462e-01
5.849999999999999645e-01 5.109482962968949771e-01 1.313926668317602520e+00 1.432516504093058085e+00 5.623435455090842749e-01
5.949999999999999734e-01 4.242309847391800837e-01 1.233908630898891801e+00 1.626555709545288275e+00 5.897576836330098438e-01
6.049999999999999822e-01 3.795342034748443449e-01 1.200492419153160739e+00 1.836280917106235311e+00 6.211707334745120157e-01
6.149999999999999911e-01 3.269161298667869198e-01 1.126021099794348501e+00 2.024917482912693689e+00 6.435362559412103334e-01
6.250000000000000000e-01 2.729340177668139189e-01 1.081027821773109521e+00 2.225309564884461189e+00 6.842481730208559432e-01
6.350000000000000089e-01 2.226057957944967136e-01 1.040356447865724787e+00 2.441883981985593977e+00 7.325251498889057133e-01
6.450000000000000178e-01 1.782127955466999980e-01 9.870526445486860201e-01 2.621834144184302939e+00 7.665156798562262619e-01
6.550000000000000266e-01 1.485414346648089579e-01 9.760121059784598874e-01 2.743341024212929469e+00 7.895456145603899634e-01
6.650000000000000355e-01 1.292197373703248275e-01 9.501514490686862047e-01 2.760801494136176260e+00 7.899640964401635213e-01
6.750000000000000444e-01 1.267594101753501401e-01 8.949247853065411817e-01 2.767614623512680172e+00 7.831774960868107538e-01
6.850000000000000533e-01 1.117216069779949361e-01 8.222080004717264856e-01 2.758200626543955813e+00 7.730144334132368344e-01
6.950000000000000622e-01 1.114466861325946884e-01 7.664610982858878208e-01 2.699731299714050792e+00 7.584414449507806966e-01
7.049999999999999600e-01 1.006633873090091169e-01 6.879490665926042414e-01 2.568837796531423745e+00 7.225683466742393035e-01
7.149999999999999689e-01 9.181484907681919383e-02 6.283732361914170506e-01 2.497984194441233985e+00 7.161707331053879244e-01
7.249999999999999778e-01 7.894623943897244311e-02 5.814455419729049890e-01 2.457457695600345104e+00 7.395450674427913595e-01
7.349999999999999867e-01 6.793760254916798857e-02 5.347200774251837929e-01 2.411755310606662928e+00 7.741276484044362638e-01
7.449999999999999956e-01 5.582605462446374456e-02 4.943835613666645035e-01 2.384321775460001458e+00 8.190284741684800141e-01
7.550000000000000044e-01 4.256341675999132657e-02 4.390546750930131026e-01 2.329575243928204475e+00 8.831598326737315485e-01
7.650000000000000133e-01 2.056112003783268707e-02 3.278249119608317441e-01 2.140680024580532859e+00 9.112235088724920384e-01
7.750000000000000222e-01 1.290481237628699276e-02 2.568839201909794978e-01 1.926169393517400463e+00 9.356262002716052573e-01
7.850000000000000311e-01 3.644574186316451581e-02 3.173007004008888132e-01 1.982230342150803626e+00 1.041901754781827893e+00
7.950000000000000400e-01 2.989323340619126287e-02 3.029643587208163957e-01 1.979880327242317772e+00 1.074849995543066816e+00
8.050000000000000488e-01 2.341453146438709707e-02 2.542210846104291933e-01 1.845162157458934304e+00 1.048450048353710917e+00
8.150000000000000577e-01 1.755246719801889510e-02 2.116459143462676995e-01 1.788709925176461102e+00 1.108126539524464826e+00
8.250000000000000666e-01 2.411078744964651605e-02 2.342236115934114848e-01 1.830671558422465983e+00 1.204519282055032781e+00
8.349999999999999645e-01 2.295681373382194718e-02 2.252942938095197634e-01 1.848510320236728344e+00 1.287461848439898526e+00
8.449999999999999734e-01 2.005010595505839557e-02 2.106653848372239124e-01 1.859820095024432129e+00 1.373485763097828105e+00
8.549999999999999822e-01 1.712551562096163368e-02 1.987867991147724001e-01 1.866667601638843710e+00 1.473919161031208791e+00
8.649999999999999911e-01 1.568901826145515516e-02 1.991380861875225727e-01 1.880423985953678656e+00 1.574180950070384055e+00
8.750000000000000000e-01 1.441490321513727926e-02 1.943329121877997445e-01 1.852369398844222026e+00 1.654093282375880491e+00
8.850000000000000089e-01 1.285841947545734998e-02 1.809970150753233420e-01 1.761332547727486375e+00 1.741653054975555115e+00
8.950000000000000178e-01 1.205164657141514703e-02 1.704595321995247825e-01 1.628743031947073927e+00 1.833338952155058266e+00
9.050000000000000266e-01 1.200759549807903573e-02 1.659060465674434548e-01 1.488474993401705193e+00 1.907202569375512802e+00
9.150000000000000355e-01 1.046150942814593442e-02 1.614347396436144888e-01 1.392182643195529534e+00 1.943709417950753249e+00
9.250000000000000444e-01 9.081918504270265757e-03 1.553474957256647526e-01 1.269814276930792074e+00 1.949287200597190406e+00
9.350000000000000533e-01 7.702021536472790537e-03 1.469894622161312114e-01 1.126496023237735900e+00 1.940342987686377363e+00
9.450000000000000622e-01 6.929011184914886032e-03 1.383851921145771158e-01 1.012948328729804004e+00 1.916734109614174342e+00
9.549999999999999600e-01 7.362964426897922014e-03 1.344197270458038218e-01 9.505018173166579487e-01 1.883655651188953728e+00
9.649999999999999689e-01 6.606779095018966777e-03 1.279728978028828457e-01 8.795473556383464064e-01 1.832408862525663151e+00
9.749999999999999778e-01 5.635862163059512236e-03 1.213042754920164584e-01 8.158681781366339258e-01 1.770547676390359815e+00
9.849999999999999867e-01 5.369332006183823516e-03 1.214159066235312862e-01 7.721256436634480469e-01 1.696982198594891411e+00
9.949999999999999956e-01 5.158416184258506759e-03 1.110040557074177675e-01 6.665642162904272805e-01 1.646994315853503199e+00
1.005000000000000115e+00 4.887708064590262982e-03 9.823734123688178388e-02 5.198886406221439049e-01 1.559590496615455013e+00
1.015000000000000124e+00 5.229067557846840339e-03 9.595427247551951977e-02 4.343547647515770826e-01 1.451307463455511648e+00
1.025000000000000133e+00 5.107290020873677359e-03 9.039353022334352394e-02 3.669533966001240488e-01 1.348807360709521674e+00
1.035000000000000142e+00 5.690813064781584905e-03 7.888447791201329273e-02 2.493044007060765122e-01 1.201488368706860266e+00
1.045000000000000151e+00 6.180798203616404488e-03 7.049669038834811829e-02 1.722759243484812131e-01 1.110720324075842536e+00
1.055000000000000160e+00 6.965031472856407675e-03 7.474290301238127598e-02 1.892048228329591408e-01 1.131928118630353586e+00
1.065000000000000169e+00 7.540799528828801002e-03 7.338900489367013169e-02 1.606274818456090991e-01 1.096353447567775419e+00
1.075000000000000178e+00 8.357030493719868475e-03 7.242138045387487566e-02 1.384250504003343429e-01 1.040549956866795966e+00
1.085000000000000187e+00 9.185428650293247024e-03 6.737201011332212552e-02 1.155388988242058712e-01 9.953986184060031883e-01
1.095000000000000195e+00 9.800544426628018946e-03 6.800856287603745942e-02 1.074789185067812902e-01 1.004675992793237382e+00
1.105000000000000204e+00 1.040101678565566803e-02 7.020858268161382643e-02 9.675089844655475335e-02 1.020386318792533942e+00
1.115000000000000213e+00 1.089857821619312495e-02 7.141798807334226451e-02 8.613582940507702457e-02 1.055813735491559546e+00
1.125000000000000222e+00 1.121352432639362469e-02 7.407364676685723737e-02 9.198084788411155233e-02 1.108606491341310285e+00
1.135000000000000231e+00 1.115328197817366460e-02 7.654874209572955224e-02 9.809999949634380656e-02 1.124772109591881009e+00
1.145000000000000240e+00 1.150125961146072039e-02 8.247571369093022187e-02 1.015211623365593202e-01 1.135990007136402191e+00
1.155000000000000027e+00 1.220073799841688358e-02 8.887837248970026360e-02 9.870580885399027338e-02 1.139602347217783862e+00
1.165000000000000036e+00 1.275344808523827360e-02 9.353498222848906363e-02 9.445453401853588782e-02 1.144900337258880851e+00
1.175000000000000044e+00 1.316075262438545258e-02 9.599321803182488122e-02 8.725315801875592470e-02 1.141178280103902321e+00
1.185000000000000053e+00 1.322541525979423725e-02 9.641034710726874291e-02 7.864920374716057039e-02 1.105414856312963545e+00
1.195000000000000062e+00 1.310135387899186502e-02 9.643970023052397811e-02 7.136193667003158658e-02 1.047396630932073913e+00
1.205000000000000071e+00 1.282646625825426337e-02 9.482819530613049996e-02 6.424185227940670817e-02 9.910146515730423600e-01
1.215000000000000080e+00 1.245157156160417618e-02 9.143345856553286577e-02 5.800151064360005437e-02 9.364904240725611118e-01
1.225000000000000089e+00 1.228365234407401835e-02 8.766577379819021076e-02 5.281766882924668338e-02 8.852417015806892664e-01
1.235000000000000098e+00 1.221122375898036488e-02 8.451059788521191052e-02 4.829086301675286630e-02 8.518058106380917982e-01
1.245000000000000107e+00 1.173101260383595072e-02 8.041066788815352806e-02 4.297611568260722992e-02 7.935727878175975469e-01
1.255000000000000115e+00 1.096783179620055247e-02 7.445039344292209149e-02 3.605835662046590756e-02 7.189387662841012494e-01
1.265000000000000124e+00 1.012120230141888740e-02 6.854019148855902688e-02 2.997089946539463826e-02 6.550332670588461248e-01
1.275000000000000133e+00 9.252606761717609152e-03 6.349737956795192817e-02 2.506681628672496540e-02 6.091000879580183991e-01
1.285000000000000142e+00 8.171327095260361162e-03 5.832550471723327301e-02 2.214365758400498388e-02 5.700870289189355899e-01
1.295000000000000151e+00 7.935334253935423521e-03 5.554306922841890926e-02 2.001098891051955944e-02 5.269071608993945999e-01
1.305000000000000160e+00 7.643366550553368916e-03 5.065209242514026600e-02 1.612850576916688428e-02 4.529799629977936948e-01
1.315000000000000169e+00 7.550405891344050269e-03 4.481428552262636811e-02 1.228049175253085462e-02 3.796782952379293419e-01
1.325000000000000178e+00 7.440962578483304411e-03 3.924839324757371101e-02 1.059953729121143953e-02 3.385004949537431806e-01
1.335000000000000187e+00 7.453986171415722881e-03 3.859387472290282117e-02 1.043095555955458192e-02 3.369014667184064282e-01
1.345000000000000195e+00 7.737697151245800584e-03 3.722979347626174246e-02 1.028000379266251485e-02 3.092464432229702354e-01
1.355000000000000204e+00 8.172362638178233205e-03 3.532092973772252981e-02 1.014778760645588043e-02 2.780079031426483938e-01
1.365000000000000213e+00 8.940570896953227084e-03 3.462997511779270648e-02 1.100505673109348527e-02 2.522552567656257683e-01
1.375000000000000222e+00 1.036666119037330837e-02 3.692235713638394867e-02 1.331024730621274341e-02 2.419060379519302473e-01
1.385000000000000231e+00 1.264084847562098844e-02 4.533129545385326808e-02 1.762614218369820684e-02 2.674327161848931156e-01
1.395000000000000240e+00 1.479565967152060221e-02 5.197586750124198740e-02 2.051621488645192018e-02 2.820238485845061316e-01
1.405000000000000027e+00 1.640736394091573888e-02 5.526850959932758101e-02 2.232783871437917650e-02 2.770528832594083002e-01
1.415000000000000036e+00 1.772418579472051850e-02 5.711953897513104977e-02 2.360158190202773024e-02 2.665731836599501969e-01
1.425000000000000044e+00 1.871660238736597148e-02 5.760071467302334963e-02 2.437236257367191711e-02 2.516912527582049197e-01
1.435000000000000053e+00 1.933697719985479069e-02 5.680441988571936079e-02 2.462035130457590482e-02 2.314338221256310169e-01
1.445000000000000062e+00 1.959699690579425752e-02 5.504393434864556650e-02 2.445452394596581147e-02 2.080815102077602508e-01
1.455000000000000071e+00 1.953335176082371047e-02 5.268753768773527107e-02 2.395526456728011566e-02 1.842419218612117993e-01
1.465000000000000080e+00 1.920495290405855454e-02 5.017450191241872026e-02 2.320958725585297450e-02 1.644834685288882881e-01
1.475000000000000089e+00 1.860750801684401406e-02 4.726927467479653117e-02 2.217903636463140066e-02 1.466201190320599868e-01
1.485000000000000098e+00 1.780255700113838463e-02 4.400909681205246449e-02 2.093285157432391366e-02 1.314569734725005989e-01
1.495000000000000107e+00 1.652489147420196577e-02 3.992986831079207988e-02 1.940367811331068434e-02 1.168540437841314311e-01
1.505000000000000115e+00 1.496454231113538390e-02 3.575211100832127037e-02 1.769572695140795085e-02 1.024448509422730413e-01
1.515000000000000124e+00 1.430667114018943815e-02 3.277677357172403827e-02 1.623686294239476760e-02 9.048171882467494209e-02
1.525000000000000133e+00 1.445885552782149620e-02 3.095848258306482109e-02 1.503583851067947369e-02 8.098876536962368311e-02
1.535000000000000142e+00 1.505317852812772424e-02 2.964240940008160130e-02 1.383008827106186819e-02 7.258912490392190053e-02
1.545000000000000151e+00 1.563259482674107456e-02 2.807734487873977947e-02 1.252236585393008000e-02 6.480975670100312669e-02
1.555000000000000160e+00 1.600323880474937080e-02 2.623577642413173552e-02 1.121444575363518721e-02 5.793641938918074608e-02
1.565000000000000169e+00 1.644088926107632048e-02 2.499745753914696042e-02 1.031586431669724406e-02 5.322435212949874067e-02
1.575000000000000178e+00 1.679516514811120464e-02 2.422990266656344441e-02 9.985101315809570902e-03 4.968601779042226829e-02
1.585000000000000187e+00 1.689666338943042467e-02 2.347472763225379525e-02 9.618359452590838007e-03 4.673965281279291589e-02
1.595000000000000195e+00 1.676202370192751354e-02 2.289062667163337811e-02 9.264627555534175191e-03 4.462667494077684344e-02
1.605000000000000204e+00 1.652450399066132669e-02 2.265979183257219726e-02 9.105544747743218176e-03 4.379023590619771089e-02
1.615000000000000213e+00 1.646002588599790317e-02 2.260954740095972790e-02 9.084722594312869687e-03 4.347134939825226391e-02
1.625000000000000222e+00 1.638563641118137570e-02 2.217242724359493738e-02 9.063099549367211252e-03 4.311046571053744197e-02
1.635000000000000231e+00 1.615819310757340976e-02 2.138739350594120320e-02 8.937812214851584280e-03 4.169433899172891866e-02
1.645000000000000240e+00 1.599054519705636959e-02 2.082372433506825965e-02 8.777874758676765254e-03 4.025862645689982228e-02
1.655000000000000249e+00 1.571238010267659441e-02 2.021650300615883758e-02 8.552879812557577857e-03 3.844870906042140157e-02
1.665000000000000036e+00 1.520503970819036058e-02 1.935328740953999940e-02 8.196468875980510507e-03 3.579904027396994814e-02
1.675000000000000044e+00 1.440997746762547743e-02 1.817817192734053067e-02 7.719591176595545952e-03 3.251617806756715301e-02
1.685000000000000053e+00 1.335676467679918801e-02 1.676526085617157519e-02 7.215009807021597645e-03 2.900249141862618410e-02
1.695000000000000062e+00 1.212273725741641606e-02 1.522514823269374706e-02 6.713049890541351178e-03 2.554957419652139836e-02
1.705000000000000071e+00 1.098170623624225226e-02 1.385560314587158323e-02 6.252072054545951968e-03 2.250737639713390817e-02
1.715000000000000080e+00 1.018865989718749365e-02 1.289738310210156169e-02 5.887941136647595851e-03 2.024794167784215240e-02
1.725000000000000089e+00 9.821475128548987077e-03 1.251910376765879261e-02 5.664493575794364924e-03 1.907748611815469897e-02
1.735000000000000098e+00 9.823183922088161990e-03 1.264312957018193760e-02 5.584567896469674886e-03 1.874565648374473120e-02
1.745000000000000107e+00 1.057106866851927236e-02 1.383835779378674372e-02 5.828568433593423435e-03 1.996131892720198753e-02
1.755000000000000115e+00 1.222501020004558570e-02 1.587722941928128989e-02 6.370582406560734365e-03 2.236137040824018665e-02
1.765000000000000124e+00 1.357622727517127960e-02 1.741253986522654090e-02 6.773437079793160134e-03 2.406171762405032166e-02
1.775000000000000133e+00 1.433141005559733852e-02 1.817676029274075886e-02 6.895722900138253827e-03 2.473508226850829050e-02
1.785000000000000142e+00 1.467654464024420284e-02 1.840328677785901812e-02 6.825657698031446612e-03 2.473645194823397009e-02
1.795000000000000151e+00 1.458218530074205030e-02 1.809099882725426559e-02 6.581865959447475573e-03 2.409664132516072324e-02
1.805000000000000160e+00 1.411846377491989511e-02 1.732002934708942385e-02 6.190348997147172155e-03 2.290295259921192733e-02
1.815000000000000169e+00 1.332224017708635508e-02 1.612520242625463743e-02 5.672571202930344787e-03 2.123605697929444036e-02
1.825000000000000178e+00 1.225837867663251077e-02 1.458104279344119708e-02 5.062934884338026256e-03 1.922389028255402227e-02
1.835000000000000187e+00 1.106975714193604576e-02 1.284440917615363269e-02 4.427147966784227527e-03 1.708922625177842353e-02
1.845000000000000195e+00 1.004048749696581297e-02 1.124063507266764850e-02 3.842627336502485100e-03 1.514494352566383636e-02
1.855000000000000204e+00 9.273638443738154574e-03 9.861401664395941583e-03 3.371357670645750912e-03 1.357422919211367755e-02
1.865000000000000213e+00 8.599984210470935572e-03 8.773576004316439511e-03 3.059256767759648606e-03 1.276151603368878146e-02
1.875000000000000222e+00 7.949597953982104337e-03 7.924660799956566304e-03 2.764300208042377947e-03 1.143349278921479070e-02
1.885000000000000231e+00 7.598897198694470889e-03 7.479997401064144950e-03 2.527700111023207033e-03 1.030541919815377606e-02
1.895000000000000240e+00 7.375898182759187648e-03 7.152532272612935338e-03 2.341507500424865659e-03 9.242309335580369684e-03
1.905000000000000249e+00 7.223780257629437707e-03 7.003036553976597911e-03 2.201379484841681829e-03 8.304968496413283122e-03
1.915000000000000036e+00 7.145717578795431936e-03 7.030804537503834717e-03 2.095855651188562908e-03 7.541073571931073381e-03
1.925000000000000044e+00 6.919752831809299759e-03 6.946416203928380655e-03 1.983021993193062257e-03 6.883765749471510050e-03
1.935000000000000053e+00 7.002811778755196025e-03 7.218841275091588544e-03 1.967250939092379629e-03 6.607160038406737802e-03
1.945000000000000062e+00 7.246703113025707889e-03 7.628634549997976438e-03 2.013649056713310431e-03 6.666662726165168210e-03
1.955000000000000071e+00 7.970903848156482216e-03 8.453645136265224014e-03 2.167824125441469765e-03 7.124850628171430084e-03
1.965000000000000080e+00 8.749035471556013480e-03 9.347698481948643959e-03 2.371228578630683696e-03 7.710507028222316969e-03
1.975000000000000089e+00 9.370796677491055257e-03 1.009125229133271510e-02 2.551636547213267676e-03 8.216931581594727474e-03
1.985000000000000098e+00 9.786098610201396375e-03 1.063075678567632770e-02 2.682418265766641548e-03 8.569912537126689323e-03
1.995000000000000107e+00 9.983619247587040280e-03 1.092732606737284104e-02 2.749847777634424444e-03 8.705881614423057954e-03
2.005000000000000338e+00 9.710220981076485985e-03 1.074466598242523885e-02 2.708856921817585309e-03 8.464166683738441263e-03
2.015000000000000124e+00 9.565451957929065052e-03 1.064200447787240315e-02 2.672333274175466011e-03 8.216859270678283575e-03
2.025000000000000355e+00 9.226231268134169050e-03 1.034446764994827010e-02 2.601768246759368543e-03 7.841401822665409332e-03
2.035000000000000142e+00 9.024873135442682340e-03 1.015617318588912278e-02 2.552757788876645548e-03 7.561314727075161765e-03
2.044999999999999929e+00 8.924083186450108146e-03 1.005002768644581816e-02 2.503478950357173986e-03 7.317023794553646591e-03
2.055000000000000160e+00 8.759990575554314762e-03 9.870513900937589319e-03 2.426034762849356256e-03 7.016885218206034454e-03
2.064999999999999947e+00 8.594404462668923939e-03 9.639438640617330190e-03 2.326452629303314441e-03 6.682364791087332459e-03
2.075000000000000178e+00 8.440766286182819350e-03 9.344469993893385340e-03 2.204405536313352662e-03 6.315592924440204155e-03
2.084999999999999964e+00 8.355945485765289144e-03 9.048716392092643127e-03 2.079690048215670096e-03 5.976092261173670921e-03
2.095000000000000195e+00 8.355944048336099578e-03 8.778191300961423610e-03 1.963127260898580358e-03 5.691761818234326691e-03
2.104999999999999982e+00 8.520957533849286836e-03 8.617467547793982233e-03 1.877529183279622125e-03 5.521729760160228560e-03
2.115000000000000213e+00 8.848413908334285677e-03 8.564600360810444360e-03 1.820075188791268634e-03 5.445887765869574307e-03
2.125000000000000000e+00 9.347133433629500887e-03 8.629691743585356581e-03 1.787425319850698916e-03 5.445363579614555943e-03
2.135000000000000231e+00 9.735776544160506391e-03 8.684124740509904794e-03 1.755908574706956755e-03 5.442267009008799547e-03
2.145000000000000018e+00 9.972486762374908886e-03 8.701256697042546173e-03 1.715134578850158447e-03 5.445758728042570870e-03
2.155000000000000249e+00 1.002736544976256215e-02 8.545022074652984523e-03 1.635009685467306599e-03 5.394434690159862454e-03
2.165000000000000036e+00 9.873396857884365538e-03 8.176752589978604838e-03 1.511012810114970278e-03 5.246907501084968964e-03
2.175000000000000266e+00 9.856112153053294203e-03 8.017979436592567385e-03 1.432342234932335815e-03 5.191959055808480564e-03
2.185000000000000053e+00 9.703284904931244043e-03 7.771406162517265070e-03 1.353956102267880705e-03 5.101201114517596447e-03
2.195000000000000284e+00 9.765901108875100350e-03 7.773190816631776225e-03 1.339656571034562350e-03 5.089670213180910556e-03
2.205000000000000071e+00 9.670633930404784126e-03 7.636354666709331551e-03 1.314235144201011994e-03 4.991976669372906461e-03
2.215000000000000302e+00 9.565737429526280367e-03 7.475577608530977088e-03 1.253337637979965065e-03 4.823377368160484957e-03
2.225000000000000089e+00 9.396435439352172556e-03 7.259258912679077483e-03 1.175532657069051912e-03 4.604191840449363415e-03
2.235000000000000320e+00 9.075460700473565040e-03 7.020136184107546654e-03 1.088378130997075038e-03 4.364321179018280233e-03
2.245000000000000107e+00 8.638100657008866701e-03 6.759796197867211538e-03 1.016380633811904107e-03 4.169107066520323993e-03
2.255000000000000338e+00 8.547849720023927358e-03 6.870113305626534238e-03 1.038464231262312262e-03 4.275200844996894338e-03
2.265000000000000124e+00 8.651270192400209447e-03 7.121262534047674737e-03 1.073863631440520518e-03 4.481518708880106831e-03
2.275000000000000355e+00 9.370922179416336234e-03 7.866344694591888287e-03 1.159167150385437186e-03 4.952762815967232460e-03
2.285000000000000142e+00 1.016433403056250101e-02 8.650636938201700099e-03 1.221160174584059012e-03 5.390149335530876849e-03
2.295000000000000373e+00 1.081916579076771384e-02 9.262856309846481673e-03 1.250972730322709144e-03 5.723251212976889109e-03
2.305000000000000160e+00 1.137827862482610440e-02 9.728870919186654448e-03 1.262712260191896927e-03 5.981442232970052980e-03
2.314999999999999947e+00 1.178625676034613344e-02 9.998722261976848019e-03 1.251184533931901750e-03 6.132867583811268605e-03
2.325000000000000178e+00 1.205393710921023182e-02 1.009488797670091142e-02 1.220460255716467567e-03 6.191863115439864840e-03
2.334999999999999964e+00 1.213987645985359354e-02 1.000603787642773482e-02 1.168579013587659095e-03 6.158758611621441281e-03
2.345000000000000195e+00 1.197837870805841358e-02 9.723940918509593398e-03 1.096733578153280802e-03 6.042549234623009746e-03
2.354999999999999982e+00 1.155680216611710415e-02 9.243564251982127125e-03 1.007385493261933650e-03 5.845006724155124567e-03
2.365000000000000213e+00 1.093530914981125438e-02 8.598007778695442721e-03 9.076768044502367318e-04 5.573402960903847680e-03
2.375000000000000000e+00 1.027323416071642716e-02 7.925469392689078393e-03 8.242363563669418162e-04 5.254763487625892758e-03
2.385000000000000231e+00 9.619445615451620996e-03 7.287145269414822130e-03 7.631635109557277858e-04 4.935236640254303531e-03
2.395000000000000018e+00 8.999724847797527238e-03 6.636534952820054983e-03 7.203745190143715990e-04 4.579771845418068726e-03
2.405000000000000249e+00 8.438703058265949880e-03 5.928432766364294046e-03 6.996561416600739682e-04 4.216693852776452409e-03
2.415000000000000036e+00 7.893821010777703900e-03 5.331102567304339679e-03 6.903855866175087575e-04 3.886875354761966037e-03
2.425000000000000266e+00 7.377998413098340452e-03 4.938757601579087109e-03 6.897056733039046931e-04 3.594824879572105190e-03
2.435000000000000053e+00 7.238633247223758352e-03 4.865321404099655356e-03 6.952335790926353516e-04 3.423342393632710420e-03
2.445000000000000284e+00 7.273229120537525252e-03 5.004269264761995739e-03 7.231470251299491675e-04 3.318055316420069709e-03
2.455000000000000071e+00 7.404118183093725408e-03 5.291273488532219869e-03 7.672902717280313594e-04 3.275064188269178299e-03
2.465000000000000302e+00 7.481973518384279348e-03 5.577381687311934108e-03 8.199448362441475726e-04 3.272639883620007389e-03
2.475000000000000089e+00 7.514021834175076305e-03 5.909125038466561848e-03 8.800788764469404807e-04 3.340448594278992971e-03
2.485000000000000320e+00 7.614282052163095019e-03 6.259134007062388400e-03 9.509034217986246868e-04 3.487530273476876098e-03
2.495000000000000107e+00 7.897398523034546147e-03 6.698901747894151285e-03 1.026434719253011647e-03 3.698794331431411002e-03
2.505000000000000338e+00 8.412312391431980493e-03 7.294816118988313100e-03 1.101519349603395084e-03 3.981140793706864321e-03
2.515000000000000124e+00 8.600322906598701148e-03 7.769518337355861559e-03 1.159765886870574910e-03 4.233677025981136439e-03
2.525000000000000355e+00 9.127622095435539845e-03 8.114741339343117810e-03 1.188039397034825048e-03 4.364698979968899620e-03
2.535000000000000142e+00 9.392869033091028053e-03 8.258171715439967600e-03 1.203118014439817814e-03 4.413773197929255626e-03
2.545000000000000373e+00 9.363601471181964148e-03 8.160457786081090278e-03 1.184543330864960354e-03 4.344693221439040014e-03
2.555000000000000160e+00 9.090863802525266102e-03 7.879192562561417729e-03 1.138919971831711415e-03 4.181337906418617495e-03
2.564999999999999947e+00 8.586662782487238313e-03 7.467982186298720987e-03 1.078827939353866694e-03 3.957557339186516983e-03
2.575000000000000178e+00 7.948157971155134574e-03 6.980378333900949181e-03 1.015938057630179142e-03 3.729906132249837664e-03
2.584999999999999964e+00 7.469478898306725762e-03 6.493679830362455475e-03 9.703319672144745858e-04 3.500643256689161577e-03
2.595000000000000195e+00 7.173243184833049194e-03 6.025757553905507907e-03 9.515109279948665271e-04 3.279442833815710088e-03
2.604999999999999982e+00 6.941749127246475172e-03 5.567941602295301169e-03 9.574619381640062793e-04 3.054409349371650650e-03
2.615000000000000213e+00 6.721624583482632698e-03 5.118671292569780019e-03 9.861337774746813545e-04 2.837396137040259191e-03
2.625000000000000000e+00 6.494349283625429521e-03 4.648766202297731874e-03 1.015234555170445481e-03 2.632290302138330651e-03
2.635000000000000231e+00 6.401785325114534367e-03 4.321995627387447900e-03 1.064630350804028625e-03 2.473966362756185953e-03
2.645000000000000018e+00 6.279637377390691853e-03 4.045084971126617496e-03 1.108200699996502760e-03 2.371567913433323977e-03
2.655000000000000249e+00 6.176830557751092181e-03 3.968186413355410946e-03 1.137686011137922131e-03 2.330189563523451732e-03
2.665000000000000036e+00 6.299720152742168712e-03 4.019689557968902753e-03 1.156439901038089618e-03 2.330409526025887645e-03
2.675000000000000266e+00 6.796644020494051891e-03 4.162812742532159133e-03 1.172371697282778786e-03 2.399786652503569512e-03
2.685000000000000053e+00 7.227227599659438555e-03 4.258519586718322036e-03 1.197517339660244531e-03 2.463260961899972536e-03
2.695000000000000284e+00 7.603413518598980438e-03 4.347338042023920872e-03 1.218863437020419570e-03 2.564021866051004878e-03
2.705000000000000071e+00 7.867344230064339181e-03 4.425301531724015053e-03 1.236218876133563134e-03 2.698904097425653282e-03
2.715000000000000302e+00 8.000667065666744113e-03 4.484782436689497588e-03 1.248785514010707131e-03 2.847511910036245632e-03
2.725000000000000089e+00 8.036009779469758044e-03 4.536252683879389916e-03 1.259132224026081803e-03 3.004062090515703057e-03
2.735000000000000320e+00 7.969136940479461598e-03 4.621288020454666044e-03 1.269299190774632628e-03 3.178664662482887007e-03
2.745000000000000107e+00 7.816723109622062543e-03 4.654615352826598634e-03 1.262478217386648000e-03 3.335345693782681021e-03
2.755000000000000338e+00 7.690475229447481416e-03 4.674348613169921132e-03 1.244144735924704401e-03 3.481695206117618995e-03
2.765000000000000124e+00 8.046285688634954858e-03 4.796151398257438546e-03 1.219375808748568305e-03 3.608129425436970225e-03
2.775000000000000355e+00 7.915462503120760177e-03 4.831026947599445509e-03 1.196464045163332006e-03 3.716427075617572545e-03
2.785000000000000142e+00 7.641651365983031380e-03 4.785562820480665329e-03 1.154700349199657295e-03 3.745783959974822649e-03
2.795000000000000373e+00 7.288912152575981185e-03 4.730649592949885338e-03 1.114887820596144590e-03 3.721835127803637192e-03
2.805000000000000160e+00 6.991659654256679977e-03 4.696411639939048963e-03 1.084917347911314254e-03 3.686311935991559707e-03
2.814999999999999947e+00 6.940657059630643555e-03 4.704423900904202045e-03 1.066905015081609509e-03 3.682344761543022375e-03
2.825000000000000178e+00 7.121184216098941713e-03 4.715771016122997580e-03 1.058084884858975522e-03 3.661737869004278237e-03
2.834999999999999964e+00 7.326057483235241287e-03 4.743191494991350760e-03 1.058734950795834837e-03 3.647011420281143571e-03
2.845000000000000195e+00 7.290873130333134708e-03 4.659734207536753853e-03 1.039726778104528874e-03 3.567408190948052719e-03
2.854999999999999982e+00 7.107029283250264340e-03 4.507319793916842940e-03 1.007635476250539220e-03 3.437410586748020948e-03
2.865000000000000213e+00 1.687346605838545288e-03 -1.715745039277910208e-03 -2.401412427294812718e-03 -1.842996839489575468e-03
2.875000000000000000e+00 2.639729695774610183e-03 -4.804950983887286420e-04 -1.661654608838564889e-03 -7.880456084585069076e-04
2.885000000000000231e+00 3.939293608455352036e-03 1.162780899364366377e-03 -6.862066619462886584e-04 6.140837361734846622e-04
2.895000000000000018e+00 5.586038343880782991e-03 3.214082953981399135e-03 5.249314133820275757e-04 2.363391194406410517e-03
2.905000000000000249e+00 7.579963902050904784e-03 5.673411065462364428e-03 1.971759617146375682e-03 4.459876766240272392e-03
2.915000000000000036e+00 9.921070282965717413e-03 8.540765233807260520e-03 3.654277949346760104e-03 6.903540451675068551e-03
2.925000000000000266e+00 1.260935748662522088e-02 1.181614545901608915e-02 5.572486409983184313e-03 9.694382250710800730e-03
2.935000000000000053e+00 1.564482551302941518e-02 1.549955174108883990e-02 7.726384999055636166e-03 1.283240216334746719e-02
2.945000000000000284e+00 1.902747436217830379e-02 1.959098408002554054e-02 1.011597371656413301e-02 1.631760018958507141e-02
2.955000000000000071e+00 2.275730403407187630e-02 2.409044247582615289e-02 1.274125256250866617e-02 2.014997632942359951e-02
2.965000000000000302e+00 2.683431452871014658e-02 2.899792692849070125e-02 1.560222153688922524e-02 2.432953058286307230e-02
2.975000000000000089e+00 3.125850584609310423e-02 3.431343743801919255e-02 1.869888063970583103e-02 2.885626294990347590e-02
2.985000000000000320e+00 3.602987798622075272e-02 4.003697400441159904e-02 2.203122987095847141e-02 3.373017343054481032e-02
